       a: 22    b: 0

    9701
    3052
    7159
     155
    5175
    9491
    1415
     420
     222
    3051
    1782
    3679
    8986
    5382
    2693
    5362
    3508
    3988
    1280
    8634
    7843
    9355
----------------------------------------
pb
       a: 21    b: 1

    3052    9701
    7159
     155
    5175
    9491
    1415
     420
     222
    3051
    1782
    3679
    8986
    5382
    2693
    5362
    3508
    3988
    1280
    8634
    7843
    9355
----------------------------------------
pb
       a: 20    b: 2

    7159    3052
     155    9701
    5175
    9491
    1415
     420
     222
    3051
    1782
    3679
    8986
    5382
    2693
    5362
    3508
    3988
    1280
    8634
    7843
    9355
----------------------------------------
pb
       a: 19    b: 3

     155    7159
    5175    3052
    9491    9701
    1415
     420
     222
    3051
    1782
    3679
    8986
    5382
    2693
    5362
    3508
    3988
    1280
    8634
    7843
    9355
----------------------------------------
rrb
       a: 19    b: 3

     155    9701
    5175    7159
    9491    3052
    1415
     420
     222
    3051
    1782
    3679
    8986
    5382
    2693
    5362
    3508
    3988
    1280
    8634
    7843
    9355
----------------------------------------
pb
       a: 18    b: 4

    5175     155
    9491    9701
    1415    7159
     420    3052
     222
    3051
    1782
    3679
    8986
    5382
    2693
    5362
    3508
    3988
    1280
    8634
    7843
    9355
----------------------------------------
rrb
       a: 18    b: 4

    5175    3052
    9491     155
    1415    9701
     420    7159
     222
    3051
    1782
    3679
    8986
    5382
    2693
    5362
    3508
    3988
    1280
    8634
    7843
    9355
----------------------------------------
pb
       a: 17    b: 5

    9491    5175
    1415    3052
     420     155
     222    9701
    3051    7159
    1782
    3679
    8986
    5382
    2693
    5362
    3508
    3988
    1280
    8634
    7843
    9355
----------------------------------------
rrb
       a: 17    b: 5

    9491    7159
    1415    5175
     420    3052
     222     155
    3051    9701
    1782
    3679
    8986
    5382
    2693
    5362
    3508
    3988
    1280
    8634
    7843
    9355
----------------------------------------
pb
       a: 16    b: 6

    1415    9491
     420    7159
     222    5175
    3051    3052
    1782     155
    3679    9701
    8986
    5382
    2693
    5362
    3508
    3988
    1280
    8634
    7843
    9355
----------------------------------------
rrb
       a: 16    b: 6

    1415    9701
     420    9491
     222    7159
    3051    5175
    1782    3052
    3679     155
    8986
    5382
    2693
    5362
    3508
    3988
    1280
    8634
    7843
    9355
----------------------------------------
rrb
       a: 16    b: 6

    1415     155
     420    9701
     222    9491
    3051    7159
    1782    5175
    3679    3052
    8986
    5382
    2693
    5362
    3508
    3988
    1280
    8634
    7843
    9355
----------------------------------------
pb
       a: 15    b: 7

     420    1415
     222     155
    3051    9701
    1782    9491
    3679    7159
    8986    5175
    5382    3052
    2693
    5362
    3508
    3988
    1280
    8634
    7843
    9355
----------------------------------------
rb
       a: 15    b: 7

     420     155
     222    9701
    3051    9491
    1782    7159
    3679    5175
    8986    3052
    5382    1415
    2693
    5362
    3508
    3988
    1280
    8634
    7843
    9355
----------------------------------------
pb
       a: 14    b: 8

     222     420
    3051     155
    1782    9701
    3679    9491
    8986    7159
    5382    5175
    2693    3052
    5362    1415
    3508
    3988
    1280
    8634
    7843
    9355
----------------------------------------
rb
       a: 14    b: 8

     222     155
    3051    9701
    1782    9491
    3679    7159
    8986    5175
    5382    3052
    2693    1415
    5362     420
    3508
    3988
    1280
    8634
    7843
    9355
----------------------------------------
pb
       a: 13    b: 9

    3051     222
    1782     155
    3679    9701
    8986    9491
    5382    7159
    2693    5175
    5362    3052
    3508    1415
    3988     420
    1280
    8634
    7843
    9355
----------------------------------------
rrb
       a: 13    b: 9

    3051     420
    1782     222
    3679     155
    8986    9701
    5382    9491
    2693    7159
    5362    5175
    3508    3052
    3988    1415
    1280
    8634
    7843
    9355
----------------------------------------
rrb
       a: 13    b: 9

    3051    1415
    1782     420
    3679     222
    8986     155
    5382    9701
    2693    9491
    5362    7159
    3508    5175
    3988    3052
    1280
    8634
    7843
    9355
----------------------------------------
pb
       a: 12    b: 10

    1782    3051
    3679    1415
    8986     420
    5382     222
    2693     155
    5362    9701
    3508    9491
    3988    7159
    1280    5175
    8634    3052
    7843
    9355
----------------------------------------
rb
       a: 12    b: 10

    1782    1415
    3679     420
    8986     222
    5382     155
    2693    9701
    5362    9491
    3508    7159
    3988    5175
    1280    3052
    8634    3051
    7843
    9355
----------------------------------------
pb
       a: 11    b: 11

    3679    1782
    8986    1415
    5382     420
    2693     222
    5362     155
    3508    9701
    3988    9491
    1280    7159
    8634    5175
    7843    3052
    9355    3051
----------------------------------------
rrb
       a: 11    b: 11

    3679    3051
    8986    1782
    5382    1415
    2693     420
    5362     222
    3508     155
    3988    9701
    1280    9491
    8634    7159
    7843    5175
    9355    3052
----------------------------------------
rrb
       a: 11    b: 11

    3679    3052
    8986    3051
    5382    1782
    2693    1415
    5362     420
    3508     222
    3988     155
    1280    9701
    8634    9491
    7843    7159
    9355    5175
----------------------------------------
pb
       a: 10    b: 12

    8986    3679
    5382    3052
    2693    3051
    5362    1782
    3508    1415
    3988     420
    1280     222
    8634     155
    7843    9701
    9355    9491
            7159
            5175
----------------------------------------
rrb
       a: 10    b: 12

    8986    5175
    5382    3679
    2693    3052
    5362    3051
    3508    1782
    3988    1415
    1280     420
    8634     222
    7843     155
    9355    9701
            9491
            7159
----------------------------------------
rrb
       a: 10    b: 12

    8986    7159
    5382    5175
    2693    3679
    5362    3052
    3508    3051
    3988    1782
    1280    1415
    8634     420
    7843     222
    9355     155
            9701
            9491
----------------------------------------
pb
       a: 9    b: 13

    5382    8986
    2693    7159
    5362    5175
    3508    3679
    3988    3052
    1280    3051
    8634    1782
    7843    1415
    9355     420
             222
             155
            9701
            9491
----------------------------------------
rb
       a: 9    b: 13

    5382    7159
    2693    5175
    5362    3679
    3508    3052
    3988    3051
    1280    1782
    8634    1415
    7843     420
    9355     222
             155
            9701
            9491
            8986
----------------------------------------
rb
       a: 9    b: 13

    5382    5175
    2693    3679
    5362    3052
    3508    3051
    3988    1782
    1280    1415
    8634     420
    7843     222
    9355     155
            9701
            9491
            8986
            7159
----------------------------------------
pb
       a: 8    b: 14

    2693    5382
    5362    5175
    3508    3679
    3988    3052
    1280    3051
    8634    1782
    7843    1415
    9355     420
             222
             155
            9701
            9491
            8986
            7159
----------------------------------------
rb
       a: 8    b: 14

    2693    5175
    5362    3679
    3508    3052
    3988    3051
    1280    1782
    8634    1415
    7843     420
    9355     222
             155
            9701
            9491
            8986
            7159
            5382
----------------------------------------
rb
       a: 8    b: 14

    2693    3679
    5362    3052
    3508    3051
    3988    1782
    1280    1415
    8634     420
    7843     222
    9355     155
            9701
            9491
            8986
            7159
            5382
            5175
----------------------------------------
rb
       a: 8    b: 14

    2693    3052
    5362    3051
    3508    1782
    3988    1415
    1280     420
    8634     222
    7843     155
    9355    9701
            9491
            8986
            7159
            5382
            5175
            3679
----------------------------------------
rb
       a: 8    b: 14

    2693    3051
    5362    1782
    3508    1415
    3988     420
    1280     222
    8634     155
    7843    9701
    9355    9491
            8986
            7159
            5382
            5175
            3679
            3052
----------------------------------------
rb
       a: 8    b: 14

    2693    1782
    5362    1415
    3508     420
    3988     222
    1280     155
    8634    9701
    7843    9491
    9355    8986
            7159
            5382
            5175
            3679
            3052
            3051
----------------------------------------
pb
       a: 7    b: 15

    5362    2693
    3508    1782
    3988    1415
    1280     420
    8634     222
    7843     155
    9355    9701
            9491
            8986
            7159
            5382
            5175
            3679
            3052
            3051
----------------------------------------
rrb
       a: 7    b: 15

    5362    3051
    3508    2693
    3988    1782
    1280    1415
    8634     420
    7843     222
    9355     155
            9701
            9491
            8986
            7159
            5382
            5175
            3679
            3052
----------------------------------------
rrb
       a: 7    b: 15

    5362    3052
    3508    3051
    3988    2693
    1280    1782
    8634    1415
    7843     420
    9355     222
             155
            9701
            9491
            8986
            7159
            5382
            5175
            3679
----------------------------------------
rrb
       a: 7    b: 15

    5362    3679
    3508    3052
    3988    3051
    1280    2693
    8634    1782
    7843    1415
    9355     420
             222
             155
            9701
            9491
            8986
            7159
            5382
            5175
----------------------------------------
rrb
       a: 7    b: 15

    5362    5175
    3508    3679
    3988    3052
    1280    3051
    8634    2693
    7843    1782
    9355    1415
             420
             222
             155
            9701
            9491
            8986
            7159
            5382
----------------------------------------
pb
       a: 6    b: 16

    3508    5362
    3988    5175
    1280    3679
    8634    3052
    7843    3051
    9355    2693
            1782
            1415
             420
             222
             155
            9701
            9491
            8986
            7159
            5382
----------------------------------------
rb
       a: 6    b: 16

    3508    5175
    3988    3679
    1280    3052
    8634    3051
    7843    2693
    9355    1782
            1415
             420
             222
             155
            9701
            9491
            8986
            7159
            5382
            5362
----------------------------------------
rb
       a: 6    b: 16

    3508    3679
    3988    3052
    1280    3051
    8634    2693
    7843    1782
    9355    1415
             420
             222
             155
            9701
            9491
            8986
            7159
            5382
            5362
            5175
----------------------------------------
rb
       a: 6    b: 16

    3508    3052
    3988    3051
    1280    2693
    8634    1782
    7843    1415
    9355     420
             222
             155
            9701
            9491
            8986
            7159
            5382
            5362
            5175
            3679
----------------------------------------
pb
       a: 5    b: 17

    3988    3508
    1280    3052
    8634    3051
    7843    2693
    9355    1782
            1415
             420
             222
             155
            9701
            9491
            8986
            7159
            5382
            5362
            5175
            3679
----------------------------------------
rrb
       a: 5    b: 17

    3988    3679
    1280    3508
    8634    3052
    7843    3051
    9355    2693
            1782
            1415
             420
             222
             155
            9701
            9491
            8986
            7159
            5382
            5362
            5175
----------------------------------------
pb
       a: 4    b: 18

    1280    3988
    8634    3679
    7843    3508
    9355    3052
            3051
            2693
            1782
            1415
             420
             222
             155
            9701
            9491
            8986
            7159
            5382
            5362
            5175
----------------------------------------
rb
       a: 4    b: 18

    1280    3679
    8634    3508
    7843    3052
    9355    3051
            2693
            1782
            1415
             420
             222
             155
            9701
            9491
            8986
            7159
            5382
            5362
            5175
            3988
----------------------------------------
rb
       a: 4    b: 18

    1280    3508
    8634    3052
    7843    3051
    9355    2693
            1782
            1415
             420
             222
             155
            9701
            9491
            8986
            7159
            5382
            5362
            5175
            3988
            3679
----------------------------------------
rb
       a: 4    b: 18

    1280    3052
    8634    3051
    7843    2693
    9355    1782
            1415
             420
             222
             155
            9701
            9491
            8986
            7159
            5382
            5362
            5175
            3988
            3679
            3508
----------------------------------------
rb
       a: 4    b: 18

    1280    3051
    8634    2693
    7843    1782
    9355    1415
             420
             222
             155
            9701
            9491
            8986
            7159
            5382
            5362
            5175
            3988
            3679
            3508
            3052
----------------------------------------
rb
       a: 4    b: 18

    1280    2693
    8634    1782
    7843    1415
    9355     420
             222
             155
            9701
            9491
            8986
            7159
            5382
            5362
            5175
            3988
            3679
            3508
            3052
            3051
----------------------------------------
rb
       a: 4    b: 18

    1280    1782
    8634    1415
    7843     420
    9355     222
             155
            9701
            9491
            8986
            7159
            5382
            5362
            5175
            3988
            3679
            3508
            3052
            3051
            2693
----------------------------------------
rb
       a: 4    b: 18

    1280    1415
    8634     420
    7843     222
    9355     155
            9701
            9491
            8986
            7159
            5382
            5362
            5175
            3988
            3679
            3508
            3052
            3051
            2693
            1782
----------------------------------------
rb
       a: 4    b: 18

    1280     420
    8634     222
    7843     155
    9355    9701
            9491
            8986
            7159
            5382
            5362
            5175
            3988
            3679
            3508
            3052
            3051
            2693
            1782
            1415
----------------------------------------
pb
       a: 3    b: 19

    8634    1280
    7843     420
    9355     222
             155
            9701
            9491
            8986
            7159
            5382
            5362
            5175
            3988
            3679
            3508
            3052
            3051
            2693
            1782
            1415
----------------------------------------
rb
       a: 3    b: 19

    8634     420
    7843     222
    9355     155
            9701
            9491
            8986
            7159
            5382
            5362
            5175
            3988
            3679
            3508
            3052
            3051
            2693
            1782
            1415
            1280
----------------------------------------
rb
       a: 3    b: 19

    8634     222
    7843     155
    9355    9701
            9491
            8986
            7159
            5382
            5362
            5175
            3988
            3679
            3508
            3052
            3051
            2693
            1782
            1415
            1280
             420
----------------------------------------
rb
       a: 3    b: 19

    8634     155
    7843    9701
    9355    9491
            8986
            7159
            5382
            5362
            5175
            3988
            3679
            3508
            3052
            3051
            2693
            1782
            1415
            1280
             420
             222
----------------------------------------
rb
       a: 3    b: 19

    8634    9701
    7843    9491
    9355    8986
            7159
            5382
            5362
            5175
            3988
            3679
            3508
            3052
            3051
            2693
            1782
            1415
            1280
             420
             222
             155
----------------------------------------
rb
       a: 3    b: 19

    8634    9491
    7843    8986
    9355    7159
            5382
            5362
            5175
            3988
            3679
            3508
            3052
            3051
            2693
            1782
            1415
            1280
             420
             222
             155
            9701
----------------------------------------
rb
       a: 3    b: 19

    8634    8986
    7843    7159
    9355    5382
            5362
            5175
            3988
            3679
            3508
            3052
            3051
            2693
            1782
            1415
            1280
             420
             222
             155
            9701
            9491
----------------------------------------
rb
       a: 3    b: 19

    8634    7159
    7843    5382
    9355    5362
            5175
            3988
            3679
            3508
            3052
            3051
            2693
            1782
            1415
            1280
             420
             222
             155
            9701
            9491
            8986
----------------------------------------
pb
       a: 2    b: 20

    7843    8634
    9355    7159
            5382
            5362
            5175
            3988
            3679
            3508
            3052
            3051
            2693
            1782
            1415
            1280
             420
             222
             155
            9701
            9491
            8986
----------------------------------------
rb
       a: 2    b: 20

    7843    7159
    9355    5382
            5362
            5175
            3988
            3679
            3508
            3052
            3051
            2693
            1782
            1415
            1280
             420
             222
             155
            9701
            9491
            8986
            8634
----------------------------------------
pb
       a: 1    b: 21

    9355    7843
            7159
            5382
            5362
            5175
            3988
            3679
            3508
            3052
            3051
            2693
            1782
            1415
            1280
             420
             222
             155
            9701
            9491
            8986
            8634
----------------------------------------
rrb
       a: 1    b: 21

    9355    8634
            7843
            7159
            5382
            5362
            5175
            3988
            3679
            3508
            3052
            3051
            2693
            1782
            1415
            1280
             420
             222
             155
            9701
            9491
            8986
----------------------------------------
rrb
       a: 1    b: 21

    9355    8986
            8634
            7843
            7159
            5382
            5362
            5175
            3988
            3679
            3508
            3052
            3051
            2693
            1782
            1415
            1280
             420
             222
             155
            9701
            9491
----------------------------------------
pb
       a: 0    b: 22

            9355
            8986
            8634
            7843
            7159
            5382
            5362
            5175
            3988
            3679
            3508
            3052
            3051
            2693
            1782
            1415
            1280
             420
             222
             155
            9701
            9491
----------------------------------------
rrb
       a: 0    b: 22

            9491
            9355
            8986
            8634
            7843
            7159
            5382
            5362
            5175
            3988
            3679
            3508
            3052
            3051
            2693
            1782
            1415
            1280
             420
             222
             155
            9701
----------------------------------------
rrb
       a: 0    b: 22

            9701
            9491
            9355
            8986
            8634
            7843
            7159
            5382
            5362
            5175
            3988
            3679
            3508
            3052
            3051
            2693
            1782
            1415
            1280
             420
             222
             155
----------------------------------------
pa
       a: 1    b: 21

    9701    9491
            9355
            8986
            8634
            7843
            7159
            5382
            5362
            5175
            3988
            3679
            3508
            3052
            3051
            2693
            1782
            1415
            1280
             420
             222
             155
----------------------------------------
pa
       a: 2    b: 20

    9491    9355
    9701    8986
            8634
            7843
            7159
            5382
            5362
            5175
            3988
            3679
            3508
            3052
            3051
            2693
            1782
            1415
            1280
             420
             222
             155
----------------------------------------
pa
       a: 3    b: 19

    9355    8986
    9491    8634
    9701    7843
            7159
            5382
            5362
            5175
            3988
            3679
            3508
            3052
            3051
            2693
            1782
            1415
            1280
             420
             222
             155
----------------------------------------
pa
       a: 4    b: 18

    8986    8634
    9355    7843
    9491    7159
    9701    5382
            5362
            5175
            3988
            3679
            3508
            3052
            3051
            2693
            1782
            1415
            1280
             420
             222
             155
----------------------------------------
pa
       a: 5    b: 17

    8634    7843
    8986    7159
    9355    5382
    9491    5362
    9701    5175
            3988
            3679
            3508
            3052
            3051
            2693
            1782
            1415
            1280
             420
             222
             155
----------------------------------------
pa
       a: 6    b: 16

    7843    7159
    8634    5382
    8986    5362
    9355    5175
    9491    3988
    9701    3679
            3508
            3052
            3051
            2693
            1782
            1415
            1280
             420
             222
             155
----------------------------------------
pa
       a: 7    b: 15

    7159    5382
    7843    5362
    8634    5175
    8986    3988
    9355    3679
    9491    3508
    9701    3052
            3051
            2693
            1782
            1415
            1280
             420
             222
             155
----------------------------------------
pa
       a: 8    b: 14

    5382    5362
    7159    5175
    7843    3988
    8634    3679
    8986    3508
    9355    3052
    9491    3051
    9701    2693
            1782
            1415
            1280
             420
             222
             155
----------------------------------------
pa
       a: 9    b: 13

    5362    5175
    5382    3988
    7159    3679
    7843    3508
    8634    3052
    8986    3051
    9355    2693
    9491    1782
    9701    1415
            1280
             420
             222
             155
----------------------------------------
pa
       a: 10    b: 12

    5175    3988
    5362    3679
    5382    3508
    7159    3052
    7843    3051
    8634    2693
    8986    1782
    9355    1415
    9491    1280
    9701     420
             222
             155
----------------------------------------
pa
       a: 11    b: 11

    3988    3679
    5175    3508
    5362    3052
    5382    3051
    7159    2693
    7843    1782
    8634    1415
    8986    1280
    9355     420
    9491     222
    9701     155
----------------------------------------
pa
       a: 12    b: 10

    3679    3508
    3988    3052
    5175    3051
    5362    2693
    5382    1782
    7159    1415
    7843    1280
    8634     420
    8986     222
    9355     155
    9491
    9701
----------------------------------------
pa
       a: 13    b: 9

    3508    3052
    3679    3051
    3988    2693
    5175    1782
    5362    1415
    5382    1280
    7159     420
    7843     222
    8634     155
    8986
    9355
    9491
    9701
----------------------------------------
pa
       a: 14    b: 8

    3052    3051
    3508    2693
    3679    1782
    3988    1415
    5175    1280
    5362     420
    5382     222
    7159     155
    7843
    8634
    8986
    9355
    9491
    9701
----------------------------------------
pa
       a: 15    b: 7

    3051    2693
    3052    1782
    3508    1415
    3679    1280
    3988     420
    5175     222
    5362     155
    5382
    7159
    7843
    8634
    8986
    9355
    9491
    9701
----------------------------------------
pa
       a: 16    b: 6

    2693    1782
    3051    1415
    3052    1280
    3508     420
    3679     222
    3988     155
    5175
    5362
    5382
    7159
    7843
    8634
    8986
    9355
    9491
    9701
----------------------------------------
pa
       a: 17    b: 5

    1782    1415
    2693    1280
    3051     420
    3052     222
    3508     155
    3679
    3988
    5175
    5362
    5382
    7159
    7843
    8634
    8986
    9355
    9491
    9701
----------------------------------------
pa
       a: 18    b: 4

    1415    1280
    1782     420
    2693     222
    3051     155
    3052
    3508
    3679
    3988
    5175
    5362
    5382
    7159
    7843
    8634
    8986
    9355
    9491
    9701
----------------------------------------
pa
       a: 19    b: 3

    1280     420
    1415     222
    1782     155
    2693
    3051
    3052
    3508
    3679
    3988
    5175
    5362
    5382
    7159
    7843
    8634
    8986
    9355
    9491
    9701
----------------------------------------
pa
       a: 20    b: 2

     420     222
    1280     155
    1415
    1782
    2693
    3051
    3052
    3508
    3679
    3988
    5175
    5362
    5382
    7159
    7843
    8634
    8986
    9355
    9491
    9701
----------------------------------------
pa
       a: 21    b: 1

     222     155
     420
    1280
    1415
    1782
    2693
    3051
    3052
    3508
    3679
    3988
    5175
    5362
    5382
    7159
    7843
    8634
    8986
    9355
    9491
    9701
----------------------------------------
pa
       a: 22    b: 0

     155
     222
     420
    1280
    1415
    1782
    2693
    3051
    3052
    3508
    3679
    3988
    5175
    5362
    5382
    7159
    7843
    8634
    8986
    9355
    9491
    9701
----------------------------------------
operation count: 93
Process:         push_swap [97651]
Path:            /Volumes/VOLUME/*/push_swap
Load Address:    0x101896000
Identifier:      push_swap
Version:         ???
Code Type:       X86-64
Parent Process:  sh [97403]

Date/Time:       2021-03-23 09:37:55.049 +0900
Launch Time:     2021-03-23 09:37:54.751 +0900
OS Version:      Mac OS X 10.14.6 (18G8022)
Report Version:  7
Analysis Tool:   /Applications/Xcode.app/Contents/Developer/usr/bin/leaks
Analysis Tool Version:  Xcode 11.3.1 (11C505)
----

leaks Report Version: 4.0
Process 97651: 185 nodes malloced for 14 KB
Process 97651: 22 leaks for 704 total leaked bytes.

    22 (704 bytes) ROOT CYCLE: 0x7fe3e4400640 [32]
       21 (672 bytes) ROOT CYCLE: 0x7fe3e4402b90 [32]
          CYCLE BACK TO 0x7fe3e4400640 [32]
          20 (640 bytes) ROOT CYCLE: 0x7fe3e4402d90 [32]
             19 (608 bytes) ROOT CYCLE: 0x7fe3e4402c70 [32]
                18 (576 bytes) ROOT CYCLE: 0x7fe3e4402d50 [32]
                   17 (544 bytes) ROOT CYCLE: 0x7fe3e4402d70 [32]
                      16 (512 bytes) ROOT CYCLE: 0x7fe3e4402b30 [32]
                         15 (480 bytes) ROOT CYCLE: 0x7fe3e4402c90 [32]
                            14 (448 bytes) ROOT CYCLE: 0x7fe3e4402cd0 [32]
                               13 (416 bytes) ROOT CYCLE: 0x7fe3e4402b70 [32]
                                  12 (384 bytes) ROOT CYCLE: 0x7fe3e4402d10 [32]
                                     11 (352 bytes) ROOT CYCLE: 0x7fe3e4402c50 [32]
                                        10 (320 bytes) ROOT CYCLE: 0x7fe3e4402cf0 [32]
                                           9 (288 bytes) ROOT CYCLE: 0x7fe3e4402b10 [32]
                                              8 (256 bytes) ROOT CYCLE: 0x7fe3e4402c10 [32]
                                                 7 (224 bytes) ROOT CYCLE: 0x7fe3e4402cb0 [32]
                                                    6 (192 bytes) ROOT CYCLE: 0x7fe3e4402c30 [32]
                                                       5 (160 bytes) ROOT CYCLE: 0x7fe3e4402bb0 [32]
                                                          4 (128 bytes) ROOT CYCLE: 0x7fe3e4402d30 [32]
                                                             3 (96 bytes) ROOT CYCLE: 0x7fe3e4402bd0 [32]
                                                                2 (64 bytes) ROOT CYCLE: 0x7fe3e4402bf0 [32]
                                                                   1 (32 bytes) ROOT CYCLE: 0x7fe3e4402b50 [32]

